000005
000007
000009
000012
000019
000021
000024
000026
000030
000032
000033
000034
000036
000044
000046
000047
000048
000050
000060
000061
000063
000064
000065
000072
000073
000077
000078
000083
000089
000093
000095
000101
000102
000104
000107
000109
000110
000113
000117
000118
000120
000121
000122
000123
000129
000130
000131
000132
000133
000134
000138
000140
000141
000142
000146
000150
000154
000156
000158
000162
000164
000165
000169
000173
000177
000180
000189
000190
000192
000194
000198
000203
000207
000208
000211
000214
000215
000219
000220
000221
000222
000225
000233
000235
000236
000242
000245
000246
000250
000251
000256
000257
000259
000266
000268
000269
000270
000278
000282
000288
000289
000296
000302
000303
000306
000307
000308
000311
000317
000318
000320
000321
000323
000325
000328
000329
000331
000332
000338
000340
000344
000347
000349
000352
000355
000367
000370
000372
000373
000374
000379
000380
000387
000391
000394
000395
000396
000403
000404
000411
000417
000419
000420
000424
000427
000428
000433
000435
000438
000443
000448
000450
000459
000461
000464
000470
000474
000480
000482
000483
000484
000489
000491
000492
000494
000496
000498
000500
000501
000509
000513
000514
000515
000518
000520
000523
000524
000526
000528
000531
000535
000537
000544
000545
000549
000552
000554
000559
000563
000565
000577
000579
000588
000590
000591
000592
000597
000599
000601
000608
000609
000610
000612
000613
000620
000622
000626
000628
000632
000633
000635
000637
000645
000648
000653
000654
000656
000657
000660
000661
000663
000667
000672
000675
000676
000677
000680
000684
000685
000686
000688
000695
000700
000702
000705
000707
000709
000712
000713
000714
000717
000720
000726
000728
000729
000730
000731
000733
000739
000746
000748
000750
000752
000753
000754
000756
000760
000761
000763
000764
000768
000772
000774
000776
000777
000780
000782
000786
000787
000791
000793
000794
000796
000799
000800
000802
000804
000806
000808
000810
000812
000815
000818
000822
000834
000842
000843
000847
000848
000850
000851
000854
000855
000857
000859
000860
000862
000863
000865
000867
000868
000871
000872
000874
000876
000879
000880
000882
000885
000887
000888
000889
000892
000895
000896
000898
000900
000902
000903
000904
000906
000908
000911
000912
000915
000917
000918
000920
000923
000926
000929
000931
000935
000936
000937
000943
000947
000948
000958
000964
000966
000967
000971
000972
000973
000977
000980
000989
000991
000993
000999
001001
001002
001004
001008
001009
001010
001012
001014
001015
001024
001027
001028
001036
001041
001042
001043
001050
001052
001053
001056
001057
001060
001061
001064
001068
001073
001074
001078
001082
001084
001092
001097
001102
001104
001106
001107
001109
001110
001113
001119
001121
001124
001129
001130
001136
001143
001145
001147
001149
001151
001152
001160
001168
001170
001171
001176
001182
001184
001186
001191
001192
001199
001200
001201
001203
001204
001205
001206
001207
001209
001211
001212
001214
001215
001221
001224
001225
001226
001230
001231
001233
001234
001236
001237
001240
001247
001250
001258
001269
001273
001274
001277
001281
001284
001286
001288
001289
001290
001292
001294
001299
001304
001310
001311
001312
001315
001323
001324
001325
001326
001327
001330
001333
001334
001341
001343
001346
001350
001352
001360
001361
001362
001365
001371
001375
001378
001383
001384
001385
001386
001388
001393
001400
001404
001406
001408
001409
001413
001414
001420
001421
001426
001432
001434
001436
001441
001442
001445
001450
001453
001455
001457
001460
001464
001465
001466
001468
001470
001472
001480
001481
001483
001484
001485
001488
001493
001497
001498
001499
001501
001504
001509
001510
001512
001514
001515
001517
001521
001522
001524
001526
001528
001529
001531
001532
001536
001537
001539
001541
001543
001544
001545
001548
001553
001554
001561
001571
001576
001577
001579
001580
001582
001586
001590
001594
001595
001598
001603
001604
001607
001608
001610
001611
001614
001617
001618
001622
001628
001630
001632
001636
001640
001642
001643
001647
001649
001650
001651
001653
001661
001669
001673
001675
001677
001678
001680
001683
001685
001686
001689
001690
001691
001699
001708
001711
001713
001717
001718
001724
001725
001726
001729
001730
001732
001733
001738
001739
001746
001747
001749
001754
001755
001756
001758
001759
001761
001765
001766
001768
001771
001772
001775
001777
001778
001782
001785
001787
001789
001795
001797
001800
001806
001807
001809
001816
001818
001821
001827
001828
001830
001837
001840
001842
001843
001845
001847
001849
001860
001861
001862
001864
001870
001872
001877
001882
001887
001892
001894
001896
001901
001903
001906
001907
001911
001918
001927
001928
001930
001932
001933
001934
001936
001937
001938
001940
001944
001948
001952
001960
001962
001972
001976
001978
001980
001981
001982
001989
001999
002000
002001
002004
002006
002011
002012
002015
002020
002021
002022
002023
002027
002030
002034
002037
002039
002042
002047
002049
002051
002055
002056
002058
002063
002064
002067
002068
002082
002083
002086
002091
002094
002095
002096
002098
002104
002117
002120
002124
002125
002126
002134
002136
002140
002142
002145
002146
002151
002152
002153
002155
002156
002158
002163
002165
002166
002169
002170
002171
002172
002176
002178
002179
002180
002181
002183
002184
002187
002191
002193
002194
002196
002197
002201
002202
002208
002209
002212
002213
002214
002218
002219
002220
002224
002226
002228
002233
002234
002237
002238
002241
002247
002251
002253
002260
002261
002265
002266
002268
002270
002276
002277
002278
002279
002284
002285
002287
002291
002300
002302
002305
002306
002310
002311
002315
002318
002320
002321
002323
002324
002328
002329
002332
002333
002335
002337
002340
002342
002343
002347
002348
002352
002355
002359
002361
002362
002364
002366
002367
002368
002371
002372
002373
002374
002375
002377
002382
002384
002385
002387
002391
002401
002403
002405
002411
002413
002415
002420
002423
002425
002427
002433
002435
002437
002441
002443
002444
002445
002448
002450
002456
002459
002465
002468
002472
002476
002477
002478
002479
002480
002481
002483
002491
002494
002497
002500
002502
002504
002505
002508
002518
002519
002520
002523
002524
002533
002534
002539
002540
002542
002544
002546
002547
002549
002554
002558
002559
002563
002564
002565
002566
002569
002571
002572
002578
002584
002586
002589
002593
002594
002598
002599
002600
002605
002606
002609
002611
002613
002615
002618
002621
002625
002627
002632
002634
002635
002636
002637
002641
002643
002645
002646
002647
002648
002653
002657
002658
002659
002664
002666
002668
002669
002670
002675
002677
002680
002682
002683
002689
002690
002691
002693
002696
002697
002699
002702
002704
002706
002709
002710
002713
002714
002715
002718
002723
002727
002730
002732
002734
002735
002741
002744
002745
002749
002751
002755
002759
002760
002763
002765
002766
002772
002774
002775
002776
002779
002783
002785
002786
002791
002796
002803
002804
002807
002810
002816
002817
002820
002826
002827
002833
002835
002836
002838
002848
002854
002855
002858
002864
002866
002867
002868
002869
002870
002875
002879
002880
002881
002884
002889
002891
002893
002899
002910
002912
002914
002915
002917
002919
002924
002931
002932
002933
002934
002935
002937
002938
002940
002941
002943
002944
002946
002947
002952
002953
002956
002957
002958
002962
002963
002965
002966
002969
002975
002976
002984
002987
002988
002990
002992
003000
003002
003004
003007
003009
003013
003015
003017
003021
003023
003024
003032
003034
003038
003042
003044
003045
003047
003051
003054
003057
003058
003061
003063
003072
003085
003086
003088
003089
003090
003092
003093
003094
003098
003100
003102
003103
003105
003106
003107
003108
003112
003116
003117
003124
003126
003127
003129
003133
003135
003137
003138
003145
003146
003149
003150
003154
003155
003157
003159
003164
003165
003177
003181
003184
003185
003188
003189
003194
003195
003204
003205
003207
003210
003211
003213
003216
003223
003231
003233
003236
003239
003240
003243
003244
003247
003250
003253
003256
003259
003260
003261
003262
003270
003271
003272
003274
003279
003280
003282
003284
003285
003294
003296
003299
003300
003301
003303
003308
003313
003320
003325
003330
003331
003335
003336
003337
003338
003339
003343
003344
003349
003351
003354
003359
003362
003365
003367
003369
003370
003373
003374
003376
003377
003379
003380
003382
003386
003390
003391
003392
003397
003398
003404
003406
003407
003408
003412
003415
003416
003417
003421
003422
003424
003425
003429
003433
003435
003436
003439
003441
003443
003444
003451
003452
003453
003455
003458
003461
003462
003464
003465
003466
003469
003470
003477
003487
003489
003491
003496
003497
003499
003508
003509
003510
003511
003518
003522
003528
003529
003530
003536
003539
003546
003548
003549
003550
003551
003554
003555
003556
003565
003566
003575
003576
003580
003586
003587
003588
003589
003593
003594
003596
003597
003599
003603
003604
003606
003608
003609
003611
003618
003620
003621
003623
003625
003627
003634
003635
003636
003638
003639
003640
003642
003644
003645
003646
003648
003655
003656
003657
003658
003660
003662
003663
003664
003667
003669
003671
003673
003674
003675
003678
003679
003681
003684
003688
003690
003691
003694
003695
003696
003698
003700
003704
003706
003708
003709
003711
003714
003717
003721
003722
003727
003729
003740
003748
003750
003751
003753
003754
003758
003759
003760
003763
003772
003773
003774
003780
003781
003783
003786
003788
003790
003791
003792
003793
003796
003797
003803
003806
003808
003809
003811
003814
003818
003820
003824
003826
003830
003835
003837
003844
003846
003847
003848
003849
003855
003857
003859
003860
003861
003865
003868
003869
003871
003872
003874
003876
003879
003886
003887
003889
003890
003891
003898
003905
003907
003911
003912
003915
003918
003919
003921
003923
003924
003926
003932
003936
003939
003941
003946
003953
003954
003956
003961
003966
003971
003974
003979
003984
003987
003988
003990
003991
003992
003993
003997
003998
004003
004005
004010
004012
004013
004014
004015
004016
004017
004019
004023
004028
004031
004033
004034
004037
004039
004047
004052
004057
004058
004060
004069
004075
004076
004082
004085
004089
004091
004093
004095
004100
004102
004105
004106
004108
004110
004113
004117
004120
004122
004131
004133
004135
004136
004141
004143
004145
004146
004148
004150
004152
004163
004164
004171
004174
004178
004185
004189
004190
004192
004193
004194
004195
004196
004201
004203
004204
004205
004209
004212
004215
004220
004224
004228
004229
004230
004231
004237
004239
004241
004242
004246
004247
004253
004255
004257
004263
004264
004265
004269
004270
004274
004275
004279
004280
004281
004283
004286
004292
004293
004295
004296
004300
004303
004304
004307
004310
004312
004315
004318
004321
004322
004323
004326
004327
004329
004333
004338
004339
004345
004347
004349
004351
004352
004354
004356
004359
004360
004365
004368
004372
004376
004379
004386
004387
004389
004391
004392
004396
004397
004405
004409
004421
004423
004432
004433
004434
004437
004439
004441
004446
004450
004452
004455
004457
004459
004463
004466
004468
004470
004471
004474
004479
004481
004487
004488
004490
004493
004494
004496
004498
004499
004507
004509
004510
004514
004518
004519
004520
004526
004527
004528
004530
004532
004535
004537
004540
004542
004544
004548
004551
004552
004553
004555
004558
004563
004565
004566
004570
004571
004574
004576
004579
004581
004584
004585
004587
004588
004591
004597
004600
004604
004605
004606
004611
004612
004618
004626
004628
004630
004634
004643
004644
004647
004648
004649
004651
004652
004653
004654
004655
004660
004662
004671
004672
004673
004675
004676
004679
004682
004683
004686
004689
004691
004693
004694
004699
004702
004705
004708
004710
004714
004719
004727
004737
004743
004746
004747
004748
004750
004754
004760
004768
004773
004777
004782
004783
004785
004788
004790
004792
004794
004799
004805
004808
004812
004814
004815
004816
004818
004823
004825
004828
004834
004837
004839
004841
004842
004848
004850
004852
004857
004859
004863
004867
004868
004873
004876
004879
004882
004885
004886
004890
004896
004898
004903
004910
004911
004912
004913
004916
004928
004931
004935
004936
004938
004939
004943
004946
004950
004953
004955
004956
004958
004961
004962
004966
004967
004972
004974
004976
004977
004982
004983
004984
004985
004986
004990
004991
004992
004998
004999
005001
005003
005006
005007
005014
005016
005018
005020
005026
005027
005028
005029
005032
005036
005037
005039
005042
005047
005052
005054
005055
005062
005064
005065
005071
005073
005078
005079
005081
005086
005090
005093
005094
005097
005101
005107
005110
005111
005114
005116
005121
005128
005129
005130
005134
005136
005138
005143
005153
005156
005159
005160
005161
005168
005169
005171
005173
005175
005177
005183
005190
005191
005199
005202
005203
005210
005212
005214
005215
005217
005219
005220
005223
005224
005230
005231
005236
005239
005245
005246
005248
005254
005258
005259
005260
005264
005267
005268
005269
005270
005273
005278
005281
005283
005285
005288
005292
005297
005298
005303
005305
005306
005311
005312
005314
005319
005320
005326
005328
005336
005337
005340
005344
005345
005346
005349
005350
005351
005352
005355
005358
005360
005363
005368
005369
005371
005374
005378
005379
005383
005384
005385
005388
005389
005391
005393
005395
005396
005397
005404
005406
005407
005413
005416
005417
005419
005421
005424
005430
005431
005433
005436
005438
005439
005441
005450
005451
005453
005454
005457
005461
005467
005469
005470
005471
005475
005478
005481
005483
005485
005486
005487
005497
005499
005508
005509
005510
005517
005519
005521
005522
005524
005526
005527
005530
005531
005536
005541
005542
005544
005550
005552
005559
005563
005566
005573
005574
005576
005577
005582
005584
005585
005586
005592
005599
005600
005601
005603
005605
005606
005608
005609
005611
005614
005615
005618
005624
005625
005630
005631
005636
005640
005641
005644
005645
005647
005652
005657
005658
005662
005664
005668
005672
005679
005680
005682
005686
005687
005693
005699
005700
005701
005702
005704
005705
005713
005714
005716
005718
005719
005728
005729
005730
005731
005732
005736
005738
005742
005743
005749
005752
005755
005756
005757
005760
005761
005764
005765
005768
005769
005773
005779
005780
005781
005782
005783
005784
005788
005794
005796
005799
005803
005805
005806
005812
005813
005814
005817
005818
005825
005828
005830
005831
005838
005839
005841
005843
005851
005852
005853
005856
005859
005860
005861
005863
005864
005867
005868
005873
005874
005875
005877
005878
005879
005884
005888
005889
005894
005895
005899
005901
005903
005906
005908
005909
005912
005914
005918
005919
005928
005930
005938
005947
005948
005954
005960
005961
005964
005970
005971
005975
005979
005980
005983
005985
005989
005990
005992
005995
005998
006000
006001
006004
006009
006011
006012
006018
006020
006023
006025
006026
006027
006028
006029
006035
006038
006042
006043
006045
006055
006058
006061
006065
006066
006069
006070
006073
006078
006079
006088
006089
006091
006095
006096
006097
006098
006104
006105
006107
006108
006120
006123
006124
006130
006131
006133
006134
006135
006146
006148
006150
006151
006158
006159
006161
006166
006171
006174
006175
006176
006180
006181
006183
006184
006185
006187
006188
006190
006198
006201
006206
006212
006214
006215
006216
006219
006220
006223
006224
006225
006230
006233
006234
006235
006240
006241
006247
006249
006250
006252
006254
006258
006259
006260
006261
006262
006264
006267
006270
006275
006276
006277
006281
006282
006285
006286
006289
006290
006291
006299
006301
006304
006305
006309
006314
006319
006321
006323
006329
006339
006341
006344
006346
006348
006349
006355
006362
006363
006367
006369
006374
006375
006377
006381
006387
006391
006392
006395
006396
006398
006404
006411
006417
006419
006424
006425
006427
006429
006430
006433
006434
006436
006437
006438
006440
006442
006443
006444
006445
006449
006455
006456
006459
006462
006463
006465
006466
006472
006473
006474
006476
006482
006483
006484
006488
006492
006495
006497
006499
006501
006507
006512
006519
006520
006523
006524
006529
006530
006532
006534
006542
006543
006547
006548
006549
006556
006560
006562
006565
006569
006572
006575
006576
006578
006583
006584
006593
006595
006597
006599
006603
006605
006606
006609
006610
006612
006617
006619
006626
006635
006636
006637
006645
006647
006648
006652
006654
006657
006658
006661
006666
006668
006674
006677
006678
006682
006684
006687
006690
006694
006697
006698
006699
006702
006707
006709
006714
006718
006719
006722
006725
006726
006727
006731
006734
006735
006736
006738
006739
006740
006747
006748
006751
006759
006760
006761
006762
006765
006768
006769
006773
006782
006783
006786
006789
006794
006802
006803
006805
006806
006808
006810
006813
006814
006822
006827
006833
006836
006838
006841
006842
006844
006845
006847
006848
006850
006852
006855
006858
006862
006864
006865
006866
006867
006868
006869
006874
006876
006878
006880
006883
006886
006887
006892
006893
006899
006900
006908
006909
006910
006912
006916
006922
006924
006931
006932
006933
006934
006935
006943
006944
006945
006948
006949
006952
006953
006956
006958
006959
006962
006965
006966
006972
006981
006987
006988
006990
006994
006995
007002
007003
007004
007006
007008
007011
007016
007018
007022
007023
007029
007031
007040
007042
007045
007046
007048
007050
007054
007058
007059
007064
007065
007068
007070
007071
007072
007073
007078
007079
007080
007084
007089
007090
007093
007097
007104
007105
007108
007109
007113
007114
007117
007121
007123
007128
007129
007130
007132
007133
007140
007144
007146
007147
007148
007150
007152
007153
007159
007165
007166
007167
007168
007172
007174
007180
007184
007187
007189
007193
007194
007197
007200
007205
007208
007210
007211
007212
007214
007215
007216
007217
007219
007222
007224
007230
007234
007236
007241
007244
007247
007249
007250
007259
007260
007266
007270
007271
007274
007279
007280
007283
007284
007285
007289
007294
007295
007296
007297
007299
007302
007305
007308
007311
007318
007322
007323
007325
007327
007329
007330
007334
007336
007343
007344
007350
007351
007356
007359
007361
007365
007369
007370
007372
007373
007374
007375
007376
007381
007385
007388
007389
007396
007398
007410
007414
007416
007419
007421
007422
007427
007431
007435
007437
007438
007443
007445
007446
007448
007461
007465
007466
007467
007468
007475
007477
007479
007480
007482
007483
007484
007486
007489
007490
007491
007497
007498
007511
007513
007519
007523
007525
007527
007533
007535
007536
007537
007540
007543
007546
007547
007551
007555
007558
007559
007568
007570
007571
007572
007575
007578
007579
007585
007586
007590
007592
007594
007600
007603
007605
007606
007611
007614
007615
007618
007619
007621
007624
007629
007631
007633
007639
007640
007642
007649
007653
007654
007657
007662
007663
007664
007666
007667
007668
007670
007672
007673
007677
007679
007680
007682
007685
007687
007692
007696
007697
007699
007702
007704
007705
007709
007718
007723
007724
007727
007729
007732
007735
007740
007742
007743
007745
007746
007748
007749
007753
007758
007760
007763
007765
007768
007772
007773
007776
007777
007779
007781
007791
007795
007809
007810
007812
007813
007814
007819
007821
007831
007833
007834
007836
007838
007841
007843
007845
007855
007856
007859
007863
007865
007868
007869
007872
007873
007876
007877
007878
007883
007885
007886
007889
007897
007898
007899
007900
007901
007902
007905
007909
007910
007911
007914
007915
007919
007921
007923
007924
007926
007928
007932
007933
007935
007940
007946
007947
007950
007954
007956
007958
007963
007968
007970
007971
007974
007976
007979
007980
007984
007991
007996
007998
007999
008001
008004
008005
008008
008009
008012
008017
008019
008023
008026
008029
008031
008032
008036
008040
008042
008043
008048
008049
008051
008053
008061
008062
008063
008064
008067
008068
008069
008079
008083
008084
008085
008086
008087
008091
008093
008096
008098
008100
008101
008105
008107
008108
008116
008117
008121
008122
008125
008130
008132
008137
008139
008140
008141
008144
008150
008151
008159
008163
008164
008166
008168
008169
008171
008173
008175
008180
008186
008188
008189
008190
008197
008199
008200
008202
008203
008204
008209
008211
008213
008216
008218
008220
008222
008224
008226
008229
008232
008235
008236
008248
008250
008251
008252
008253
008258
008261
008262
008263
008269
008272
008275
008279
008280
008282
008284
008285
008292
008293
008296
008297
008299
008300
008301
008302
008306
008311
008312
008315
008317
008318
008319
008320
008323
008332
008335
008341
008342
008345
008346
008349
008351
008364
008365
008368
008370
008372
008376
008381
008384
008385
008386
008387
008388
008391
008397
008398
008403
008409
008413
008416
008422
008423
008426
008430
008434
008438
008442
008443
008444
008445
008453
008454
008461
008462
008465
008466
008468
008472
008475
008478
008482
008483
008484
008485
008492
008494
008495
008498
008502
008503
008506
008509
008512
008518
008519
008521
008522
008524
008526
008529
008530
008534
008535
008541
008542
008549
008553
008556
008557
008558
008559
008562
008564
008568
008572
008573
008576
008581
008582
008584
008587
008595
008601
008608
008610
008612
008615
008617
008620
008621
008624
008633
008635
008644
008645
008647
008654
008655
008663
008667
008670
008687
008688
008692
008695
008698
008699
008701
008702
008706
008709
008717
008718
008720
008722
008723
008725
008727
008728
008730
008731
008732
008733
008738
008739
008742
008747
008748
008749
008750
008753
008757
008759
008760
008764
008770
008775
008776
008790
008793
008794
008799
008805
008806
008810
008811
008814
008815
008817
008819
008823
008826
008831
008833
008835
008837
008840
008847
008848
008849
008856
008858
008859
008862
008865
008871
008872
008873
008874
008879
008880
008883
008885
008888
008890
008891
008900
008913
008914
008917
008919
008920
008923
008926
008927
008929
008931
008933
008936
008940
008942
008944
008948
008951
008955
008958
008960
008961
008962
008965
008967
008968
008969
008970
008971
008975
008978
008979
008982
008985
008989
008997
009005
009006
009007
009015
009018
009019
009022
009024
009027
009029
009035
009036
009037
009042
009045
009049
009051
009063
009064
009066
009068
009072
009078
009079
009080
009086
009087
009089
009091
009094
009099
009106
009108
009112
009114
009117
009121
009123
009126
009129
009131
009136
009138
009141
009148
009150
009151
009153
009155
009157
009159
009161
009162
009163
009166
009168
009173
009174
009175
009181
009184
009185
009189
009191
009193
009194
009196
009197
009200
009202
009205
009208
009209
009212
009214
009215
009218
009221
009224
009238
009244
009245
009246
009247
009249
009251
009252
009254
009255
009268
009270
009272
009279
009281
009282
009285
009286
009287
009288
009291
009295
009296
009303
009306
009307
009308
009309
009312
009315
009316
009318
009323
009326
009331
009336
009337
009339
009342
009343
009347
009348
009349
009350
009351
009354
009365
009368
009371
009373
009375
009389
009392
009393
009398
009405
009406
009407
009408
009409
009410
009411
009412
009413
009414
009417
009418
009419
009420
009429
009432
009434
009437
009443
009445
009446
009448
009455
009456
009457
009458
009459
009460
009461
009463
009466
009470
009472
009476
009479
009480
009481
009484
009490
009491
009497
009500
009502
009504
009507
009508
009512
009515
009517
009518
009519
009523
009524
009527
009528
009531
009532
009533
009537
009541
009542
009543
009545
009549
009550
009551
009560
009562
009565
009566
009567
009568
009573
009579
009580
009586
009587
009588
009591
009596
009598
009600
009603
009605
009609
009611
009614
009615
009617
009619
009621
009637
009638
009641
009647
009654
009655
009658
009659
009664
009666
009668
009676
009678
009679
009681
009684
009687
009691
009692
009698
009699
009700
009702
009706
009707
009709
009710
009712
009713
009717
009719
009721
009724
009732
009733
009734
009735
009737
009738
009743
009745
009747
009748
009754
009755
009756
009758
009761
009762
009763
009764
009772
009774
009776
009778
009789
009790
009792
009796
009801
009805
009807
009809
009813
009819
009822
009823
009828
009830
009831
009832
009833
009834
009836
009839
009841
009842
009845
009848
009851
009852
009855
009859
009860
009862
009863
009865
009868
009869
009870
009872
009874
009877
009880
009882
009884
009886
009902
009904
009905
009908
009911
009913
009918
009920
009926
009932
009939
009942
009944
009945
009946
009949
009950
009954
009955
009958
009959
009961